1777673232173 0.04796 0
1777673351068 0.06914 1
1777673467179 0.04866 2
1777673595269 0.04593 3
1777675785379 0.077 4
1777675925612 0.06712 5
1777676063437 0.07937 6
1777676196380 0.0945 7
1777676349656 0.11113 8
1777676492298 0.10537 9
1777676638240 0.14151 10
1777676788176 0.10053 11
1777676947055 0.10801 12
1777677109515 0.13604 13
1777677268166 0.12174 14
1777677433967 0.17794 15
1777677594847 0.10071 16
1777677744802 0.18079 17
1777677902639 0.1869 18
1777678055898 0.21389 19
1777678230216 0.26777 20
1777678391554 0.24209 21
1777678562647 0.18348 22
1777678711548 0.25889 23
1777678850377 0.2239 24
1777678988555 0.26492 25
1777679132524 0.20181 26
1777679274129 0.24237 27
1777679423669 0.19737 28
1777679576818 0.26641 29
1777679749900 0.22718 30
1777679926906 0.2371 31
1777680114077 0.24034 32
1777680278035 0.23298 33
1777680419561 0.23567 34
1777680588095 0.25546 35
1777680751512 0.25419 36
1777680938000 0.23595 37
1777681100344 0.24413 38
1777681280732 0.25489 39
1777681466988 0.2643 40
1777681643201 0.23172 41
1777681809457 0.22959 42
1777681961737 0.25355 43
1777682114671 0.25658 44
1777682255142 0.24298 45
1777682416390 0.23561 46
1777682556250 0.2493 47
1777682704461 0.23829 48
1777682855093 0.23974 49
1777682920545 0.28124540528536135 49
