1777673232173 0.12272 0
1777673351068 0.18572 1
1777673467179 0.11344 2
1777673595269 0.12127 3
1777675785379 0.17975 4
1777675925612 0.15134 5
1777676063437 0.18546 6
1777676196380 0.20923 7
1777676349656 0.25885 8
1777676492298 0.21278 9
1777676638240 0.2989 10
1777676788176 0.21172 11
1777676947055 0.23481 12
1777677109515 0.26749 13
1777677268166 0.25875 14
1777677433967 0.35844 15
1777677594847 0.19981 16
1777677744802 0.31974 17
1777677902639 0.36243 18
1777678055898 0.4058 19
1777678230216 0.51313 20
1777678391554 0.44852 21
1777678562647 0.36753 22
1777678711548 0.5284 23
1777678850377 0.45547 24
1777678988555 0.5383 25
1777679132524 0.47308 26
1777679274129 0.53184 27
1777679423669 0.44464 28
1777679576818 0.55058 29
1777679749900 0.48553 30
1777679926906 0.51602 31
1777680114077 0.52834 32
1777680278035 0.50399 33
1777680419561 0.49644 34
1777680588095 0.53301 35
1777680751512 0.52958 36
1777680938000 0.47652 37
1777681100344 0.51275 38
1777681280732 0.54323 39
1777681466988 0.54287 40
1777681643201 0.47586 41
1777681809457 0.50047 42
1777681961737 0.51084 43
1777682114671 0.51058 44
1777682255142 0.4966 45
1777682416390 0.47898 46
1777682556250 0.50127 47
1777682704461 0.48946 48
1777682855093 0.48447 49
1777682920545 0.5535525575630879 49
