1777673232173 0.13232 0
1777673351068 0.32526 1
1777673467179 0.10938 2
1777673595269 0.23922 3
1777675785379 0.29449 4
1777675925612 0.37271 5
1777676063437 0.51126 6
1777676196380 0.39951 7
1777676349656 0.57119 8
1777676492298 0.48923 9
1777676638240 0.59961 10
1777676788176 0.52178 11
1777676947055 0.35306 12
1777677109515 0.37221 13
1777677268166 0.69893 14
1777677433967 0.39834 15
1777677594847 0.38825 16
1777677744802 0.47091 17
1777677902639 0.46056 18
1777678055898 0.52609 19
1777678230216 0.47389 20
1777678391554 0.51991 21
1777678562647 0.44079 22
1777678711548 0.52206 23
1777678850377 0.48276 24
1777678988555 0.52223 25
1777679132524 0.53707 26
1777679274129 0.51221 27
1777679423669 0.48353 28
1777679576818 0.54092 29
1777679749900 0.53032 30
1777679926906 0.5428 31
1777680114077 0.56635 32
1777680278035 0.6346 33
1777680419561 0.56676 34
1777680588095 0.45208 35
1777680751512 0.51002 36
1777680938000 0.52209 37
1777681100344 0.42796 38
1777681280732 0.56801 39
1777681466988 0.60057 40
1777681643201 0.52935 41
1777681809457 0.61635 42
1777681961737 0.53883 43
1777682114671 0.54526 44
1777682255142 0.53295 45
1777682416390 0.53908 46
1777682556250 0.58956 47
1777682704461 0.56454 48
1777682855093 0.60685 49
1777682920545 0.4626732077003757 49
