1777673232173 0.05553 0
1777673351068 0.24834 1
1777673467179 0.14439 2
1777673595269 0.18642 3
1777675785379 0.19231 4
1777675925612 0.15811 5
1777676063437 0.16721 6
1777676196380 0.22253 7
1777676349656 0.26765 8
1777676492298 0.20053 9
1777676638240 0.29056 10
1777676788176 0.21258 11
1777676947055 0.27857 12
1777677109515 0.33963 13
1777677268166 0.27626 14
1777677433967 0.43827 15
1777677594847 0.2028 16
1777677744802 0.2976 17
1777677902639 0.36128 18
1777678055898 0.38857 19
1777678230216 0.57924 20
1777678391554 0.56306 21
1777678562647 0.39673 22
1777678711548 0.55452 23
1777678850377 0.50344 24
1777678988555 0.6093 25
1777679132524 0.4735 26
1777679274129 0.60787 27
1777679423669 0.45775 28
1777679576818 0.59271 29
1777679749900 0.5229 30
1777679926906 0.61265 31
1777680114077 0.49552 32
1777680278035 0.45058 33
1777680419561 0.54022 34
1777680588095 0.57165 35
1777680751512 0.60088 36
1777680938000 0.54288 37
1777681100344 0.62503 38
1777681280732 0.45714 39
1777681466988 0.49573 40
1777681643201 0.57962 41
1777681809457 0.47879 42
1777681961737 0.60594 43
1777682114671 0.61094 44
1777682255142 0.58351 45
1777682416390 0.5596 46
1777682556250 0.50354 47
1777682704461 0.56214 48
1777682855093 0.48821 49
1777682920545 0.6511238767542781 49
