1777673214783 0.0004720030303030303 0
1777673338815 0.0009295593036363636 1
1777673453566 0.0013682527769696968 2
1777673581002 0.0013441173999999998 3
1777675764871 0.0013158232 4
1777675906405 0.001287529 5
1777676044433 0.0012592348 6
1777676178157 0.0012309405999999998 7
1777676331410 0.0012026464 8
1777676474138 0.0011743522 9
1777676619606 0.001146058 10
1777676769260 0.0011177638 11
1777676928980 0.0010894695999999998 12
1777677088516 0.0010611754 13
1777677250933 0.0010328811999999999 14
1777677415353 0.001004587 15
1777677575104 0.0009762927999999999 16
1777677728080 0.0009479985999999998 17
1777677887239 0.0009197044000000001 18
1777678042005 0.0008914102 19
1777678211089 0.0008631159999999999 20
1777678376062 0.0008348218000000001 21
1777678546198 0.0008065276 22
1777678701999 0.0007782334000000001 23
1777678843717 0.0007499392 24
1777678981419 0.0007216449999999999 25
1777679123985 0.0006933508 26
1777679267191 0.0006650565999999999 27
1777679416626 0.0006367623999999998 28
1777679568634 0.0006084682000000001 29
1777679742385 0.000580174 30
1777679918780 0.0005518798 31
1777680106855 0.0005235856 32
1777680269431 0.0004952913999999999 33
1777680414665 0.00046699719999999993 34
1777680581730 0.00043870300000000003 35
1777680746304 0.0004104088 36
1777680933864 0.0003821146 37
1777681096026 0.00035382039999999994 38
1777681275500 0.00032552619999999993 39
1777681461880 0.0002972319999999999 40
1777681637978 0.0002689378000000001 41
1777681804198 0.00024064360000000006 42
1777681957136 0.0002123494 43
1777682110394 0.00018405519999999999 44
1777682252157 0.00015576099999999995 45
1777682411654 0.00012746679999999994 46
1777682550402 9.917260000000006e-05 47
1777682701494 7.087840000000005e-05 48
1777682850272 4.2584200000000025e-05 49
