1777673214783 1.89496 0
1777673338815 1.78363 1
1777673453566 1.79555 2
1777673581002 1.75579 3
1777675764871 1.72642 4
1777675906405 1.67356 5
1777676044433 1.65424 6
1777676178157 1.62413 7
1777676331410 1.59341 8
1777676474138 1.58173 9
1777676619606 1.52626 10
1777676769260 1.52651 11
1777676928980 1.50122 12
1777677088516 1.46877 13
1777677250933 1.44641 14
1777677415353 1.42788 15
1777677575104 1.40828 16
1777677728080 1.38083 17
1777677887239 1.35895 18
1777678042005 1.33688 19
1777678211089 1.32577 20
1777678376062 1.3021 21
1777678546198 1.28745 22
1777678701999 1.27298 23
1777678843717 1.27257 24
1777678981419 1.22569 25
1777679123985 1.23261 26
1777679267191 1.19383 27
1777679416626 1.16534 28
1777679568634 1.16982 29
1777679742385 1.14638 30
1777679918780 1.13914 31
1777680106855 1.12369 32
1777680269431 1.10957 33
1777680414665 1.1066 34
1777680581730 1.07111 35
1777680746304 1.03924 36
1777680933864 1.03443 37
1777681096026 1.0131 38
1777681275500 1.0382 39
1777681461880 0.89329 40
1777681637978 0.83144 41
1777681804198 0.82693 42
1777681957136 0.79707 43
1777682110394 0.77948 44
1777682252157 0.746 45
1777682411654 0.7374 46
1777682550402 0.71142 47
1777682701494 0.71546 48
1777682850272 0.70565 49
