1777673214783 3.29257 0
1777673338815 2.66629 1
1777673453566 2.45047 2
1777673581002 2.23638 3
1777675764871 2.04743 4
1777675906405 1.93337 5
1777676044433 1.81979 6
1777676178157 1.73494 7
1777676331410 1.66802 8
1777676474138 1.60153 9
1777676619606 1.53502 10
1777676769260 1.47121 11
1777676928980 1.45822 12
1777677088516 1.38472 13
1777677250933 1.31667 14
1777677415353 1.31042 15
1777677575104 1.25689 16
1777677728080 1.21098 17
1777677887239 1.1972 18
1777678042005 1.13804 19
1777678211089 1.12091 20
1777678376062 1.08427 21
1777678546198 1.06677 22
1777678701999 1.05429 23
1777678843717 1.05365 24
1777678981419 1.01381 25
1777679123985 0.99428 26
1777679267191 0.95727 27
1777679416626 0.93422 28
1777679568634 0.92594 29
1777679742385 0.90586 30
1777679918780 0.89679 31
1777680106855 0.86587 32
1777680269431 0.85762 33
1777680414665 0.85825 34
1777680581730 0.83119 35
1777680746304 0.81328 36
1777680933864 0.79399 37
1777681096026 0.78366 38
1777681275500 0.79238 39
1777681461880 0.56959 40
1777681637978 0.5329 41
1777681804198 0.51673 42
1777681957136 0.50988 43
1777682110394 0.49143 44
1777682252157 0.47308 45
1777682411654 0.47541 46
1777682550402 0.45653 47
1777682701494 0.45187 48
1777682850272 0.44312 49
