1777673214783 1.78501 0
1777673338815 1.7085 1
1777673453566 1.72081 2
1777673581002 1.67906 3
1777675764871 1.64058 4
1777675906405 1.60354 5
1777676044433 1.5892 6
1777676178157 1.55147 7
1777676331410 1.55312 8
1777676474138 1.5204 9
1777676619606 1.49923 10
1777676769260 1.48762 11
1777676928980 1.46467 12
1777677088516 1.43676 13
1777677250933 1.42227 14
1777677415353 1.42632 15
1777677575104 1.40389 16
1777677728080 1.37987 17
1777677887239 1.36033 18
1777678042005 1.34791 19
1777678211089 1.3316 20
1777678376062 1.31287 21
1777678546198 1.29833 22
1777678701999 1.30307 23
1777678843717 1.30798 24
1777678981419 1.27064 25
1777679123985 1.26981 26
1777679267191 1.24936 27
1777679416626 1.23221 28
1777679568634 1.23436 29
1777679742385 1.20982 30
1777679918780 1.21355 31
1777680106855 1.20623 32
1777680269431 1.19156 33
1777680414665 1.18975 34
1777680581730 1.17206 35
1777680746304 1.15907 36
1777680933864 1.15298 37
1777681096026 1.14781 38
1777681275500 1.1538 39
1777681461880 1.07287 40
1777681637978 1.03215 41
1777681804198 1.0271 42
1777681957136 1.01545 43
1777682110394 1.00306 44
1777682252157 0.99291 45
1777682411654 0.98378 46
1777682550402 0.97674 47
1777682701494 0.97872 48
1777682850272 0.96837 49
